<?xml version="1.0" encoding="UTF-8"?>
<map version="1.10" tiledversion="git" orientation="orthogonal" renderorder="right-down" width="30" height="20" tilewidth="32" tileheight="32" infinite="0" nextlayerid="3" nextobjectid="1">
 <tileset firstgid="1" source="room.tsx"/>
 <layer id="1" name="wall" width="30" height="20">
  <data encoding="csv">
0,0,0,0,0,0,0,0,0,0,0,0,0,0,0,0,0,0,0,0,0,0,0,0,0,0,0,0,0,0,
0,0,0,0,0,0,0,0,0,0,0,0,0,0,0,0,0,0,0,0,0,0,0,0,0,0,0,0,0,0,
0,0,0,0,0,0,0,0,0,0,0,0,0,0,0,0,0,0,0,0,0,0,0,0,0,0,0,0,0,0,
0,0,0,0,0,0,0,0,0,0,0,0,0,0,0,0,0,0,0,0,0,0,0,0,0,0,0,0,0,0,
0,0,0,0,0,0,0,0,0,11,12,12,12,12,12,12,12,12,12,12,13,0,0,0,0,0,0,0,0,0,
0,0,0,0,0,0,0,0,0,27,28,28,28,28,28,28,28,28,28,28,29,0,0,0,0,0,0,0,0,0,
0,0,0,0,0,0,0,0,0,43,0,0,0,0,0,0,0,0,0,0,45,0,0,0,0,0,0,0,0,0,
0,0,0,0,0,0,0,0,0,43,0,0,0,0,0,0,0,0,0,0,45,0,0,0,0,0,0,0,0,0,
0,0,0,0,0,0,0,0,0,43,0,0,0,0,0,0,0,0,0,0,45,0,0,0,0,0,0,0,0,0,
0,0,0,0,0,0,0,0,0,43,0,0,0,0,0,0,0,0,0,0,45,0,0,0,0,0,0,0,0,0,
0,0,0,0,0,0,0,0,0,43,0,0,0,0,0,0,0,0,0,0,45,0,0,0,0,0,0,0,0,0,
0,0,0,0,0,0,0,0,0,43,0,0,0,0,0,0,0,0,0,0,45,0,0,0,0,0,0,0,0,0,
0,0,0,0,0,0,0,0,0,59,60,60,60,60,60,60,60,60,60,60,61,0,0,0,0,0,0,0,0,0,
0,0,0,0,0,0,0,0,0,0,0,0,0,0,0,0,0,0,0,0,0,0,0,0,0,0,0,0,0,0,
0,0,0,0,0,0,0,0,0,0,0,0,0,0,0,0,0,0,0,0,0,0,0,0,0,0,0,0,0,0,
0,0,0,0,0,0,0,0,0,0,0,0,0,0,0,0,0,0,0,0,0,0,0,0,0,0,0,0,0,0,
0,0,0,0,0,0,0,0,0,0,0,0,0,0,0,0,0,0,0,0,0,0,0,0,0,0,0,0,0,0,
0,0,0,0,0,0,0,0,0,0,0,0,0,0,0,0,0,0,0,0,0,0,0,0,0,0,0,0,0,0,
0,0,0,0,0,0,0,0,0,0,0,0,0,0,0,0,0,0,0,0,0,0,0,0,0,0,0,0,0,0,
0,0,0,0,0,0,0,0,0,0,0,0,0,0,0,0,0,0,0,0,0,0,0,0,0,0,0,0,0,0
</data>
 </layer>
 <layer id="2" name="ground" width="30" height="20">
  <data encoding="csv">
0,0,0,0,0,0,0,0,0,0,0,0,0,0,0,0,0,0,0,0,0,0,0,0,0,0,0,0,0,0,
0,0,0,0,0,0,0,0,0,0,0,0,0,0,0,0,0,0,0,0,0,0,0,0,0,0,0,0,0,0,
0,0,0,0,0,0,0,0,0,0,0,0,0,0,0,0,0,0,0,0,0,0,0,0,0,0,0,0,0,0,
0,0,0,0,0,0,0,0,0,0,0,0,0,0,0,0,0,0,0,0,0,0,0,0,0,0,0,0,0,0,
0,0,0,0,0,0,0,0,0,0,0,0,0,0,0,0,0,0,0,0,0,0,0,0,0,0,0,0,0,0,
0,0,0,0,0,0,0,0,0,0,0,0,0,0,0,0,0,0,0,0,0,0,0,0,0,0,0,0,0,0,
0,0,0,0,0,0,0,0,0,0,471,471,471,471,471,471,471,471,471,471,0,0,0,0,0,0,0,0,0,0,
0,0,0,0,0,0,0,0,0,0,471,471,471,471,471,471,471,471,471,471,0,0,0,0,0,0,0,0,0,0,
0,0,0,0,0,0,0,0,0,0,471,471,471,471,471,471,471,471,471,471,0,0,0,0,0,0,0,0,0,0,
0,0,0,0,0,0,0,0,0,0,471,471,471,471,471,471,471,471,471,471,0,0,0,0,0,0,0,0,0,0,
0,0,0,0,0,0,0,0,0,0,471,471,471,471,471,471,471,471,471,471,0,0,0,0,0,0,0,0,0,0,
0,0,0,0,0,0,0,0,0,0,471,471,471,471,471,471,471,471,471,471,0,0,0,0,0,0,0,0,0,0,
0,0,0,0,0,0,0,0,0,0,0,0,0,0,0,0,0,0,0,0,0,0,0,0,0,0,0,0,0,0,
0,0,0,0,0,0,0,0,0,0,0,0,0,0,0,0,0,0,0,0,0,0,0,0,0,0,0,0,0,0,
0,0,0,0,0,0,0,0,0,0,0,0,0,0,0,0,0,0,0,0,0,0,0,0,0,0,0,0,0,0,
0,0,0,0,0,0,0,0,0,0,0,0,0,0,0,0,0,0,0,0,0,0,0,0,0,0,0,0,0,0,
0,0,0,0,0,0,0,0,0,0,0,0,0,0,0,0,0,0,0,0,0,0,0,0,0,0,0,0,0,0,
0,0,0,0,0,0,0,0,0,0,0,0,0,0,0,0,0,0,0,0,0,0,0,0,0,0,0,0,0,0,
0,0,0,0,0,0,0,0,0,0,0,0,0,0,0,0,0,0,0,0,0,0,0,0,0,0,0,0,0,0,
0,0,0,0,0,0,0,0,0,0,0,0,0,0,0,0,0,0,0,0,0,0,0,0,0,0,0,0,0,0
</data>
 </layer>
</map>
